vesselCount = 8
UT = 66943.608141693549
gameMode = CAREER
gameNull = False
kspVersion = 1.12.5
funds = 161440.79965382998
science = 225
reputationPercent = 7
ongoingContracts = 2
missionCurrentScore = 0
missionIsStarted = False
missionIsEnded = False
missionHistoryId = 00000000-0000-0000-0000-000000000000
missionExpansionVersion = 
saveMD5 = 
lastWriteTime = 638760981772280059
