vesselCount = 2
UT = 62111.7481419549
gameMode = CAREER
gameNull = False
kspVersion = 1.12.5
funds = 260546.6411044944
science = 10
reputationPercent = 6
ongoingContracts = 2
missionCurrentScore = 0
missionIsStarted = False
missionIsEnded = False
missionHistoryId = 00000000-0000-0000-0000-000000000000
missionExpansionVersion = 
saveMD5 = 
lastWriteTime = 638750288020000000
