vesselCount = 3
UT = 629575.14411183633
gameMode = CAREER
gameNull = False
kspVersion = 1.12.5
funds = 396207.56703309075
science = 305
reputationPercent = 11
ongoingContracts = 5
missionCurrentScore = 0
missionIsStarted = False
missionIsEnded = False
missionHistoryId = 00000000-0000-0000-0000-000000000000
missionExpansionVersion = 
saveMD5 = 
lastWriteTime = 638985234685818372
