vesselCount = 1
UT = 89802.433199273612
gameMode = CAREER
gameNull = False
kspVersion = 1.12.5
funds = 257450.58569413546
science = 248
reputationPercent = 10
ongoingContracts = 1
missionCurrentScore = 0
missionIsStarted = False
missionIsEnded = False
missionHistoryId = 00000000-0000-0000-0000-000000000000
missionExpansionVersion = 
saveMD5 = 
lastWriteTime = 638765930979332315
