vesselCount = 1
UT = 124142.28501098849
gameMode = CAREER
gameNull = False
kspVersion = 1.12.5
funds = 211653.56629252766
science = 264
reputationPercent = 10
ongoingContracts = 2
missionCurrentScore = 0
missionIsStarted = False
missionIsEnded = False
missionHistoryId = 00000000-0000-0000-0000-000000000000
missionExpansionVersion = 
saveMD5 = 
lastWriteTime = 638767485330572750
