vesselCount = 0
UT = 83695.853472380011
gameMode = CAREER
gameNull = False
kspVersion = 1.12.5
funds = 175369.19897538546
science = 229
reputationPercent = 7
ongoingContracts = 1
missionCurrentScore = 0
missionIsStarted = False
missionIsEnded = False
missionHistoryId = 00000000-0000-0000-0000-000000000000
missionExpansionVersion = 
saveMD5 = 
lastWriteTime = 638765877177968386
