vesselCount = 4
UT = 774245.8492956718
gameMode = CAREER
gameNull = False
kspVersion = 1.12.5
funds = 1079561.5606853506
science = 443
reputationPercent = 14
ongoingContracts = 4
missionCurrentScore = 0
missionIsStarted = False
missionIsEnded = False
missionHistoryId = 00000000-0000-0000-0000-000000000000
missionExpansionVersion = 
saveMD5 = 
lastWriteTime = 638987886787454824
