vesselCount = 2
UT = 17164.439621385511
gameMode = CAREER
gameNull = False
kspVersion = 1.12.5
funds = 157938.22607907257
science = 380
reputationPercent = 5
ongoingContracts = 2
missionCurrentScore = 0
missionIsStarted = False
missionIsEnded = False
missionHistoryId = 00000000-0000-0000-0000-000000000000
missionExpansionVersion = 
saveMD5 = 
lastWriteTime = 638732004490000000
