vesselCount = 2
UT = 61089.928142118464
gameMode = CAREER
gameNull = False
kspVersion = 1.12.5
funds = 281337.82394991064
science = 50
reputationPercent = 5
ongoingContracts = 2
missionCurrentScore = 0
missionIsStarted = False
missionIsEnded = False
missionHistoryId = 00000000-0000-0000-0000-000000000000
missionExpansionVersion = 
saveMD5 = 
lastWriteTime = 638745194000000000
