vesselCount = 4
UT = 211430.36217529277
gameMode = CAREER
gameNull = False
kspVersion = 1.12.5
funds = 421349.33399361762
science = 127
reputationPercent = 11
ongoingContracts = 4
missionCurrentScore = 0
missionIsStarted = False
missionIsEnded = False
missionHistoryId = 00000000-0000-0000-0000-000000000000
missionExpansionVersion = 
saveMD5 = 
lastWriteTime = 638861915131139619
