vesselCount = 1
UT = 26752.022007935368
gameMode = CAREER
gameNull = False
kspVersion = 1.12.5
funds = 187204.53259440861
science = 380
reputationPercent = 5
ongoingContracts = 2
missionCurrentScore = 0
missionIsStarted = False
missionIsEnded = False
missionHistoryId = 00000000-0000-0000-0000-000000000000
missionExpansionVersion = 
saveMD5 = 
lastWriteTime = 638743442290000000
