vesselCount = 0
UT = 1724.7813452139571
gameMode = CAREER
gameNull = False
kspVersion = 1.12.5
funds = 1509736.4393544197
science = 2795
reputationPercent = 34
ongoingContracts = 0
missionCurrentScore = 0
missionIsStarted = False
missionIsEnded = False
missionHistoryId = 00000000-0000-0000-0000-000000000000
missionExpansionVersion = 
saveMD5 = 
lastWriteTime = 638441667190000000
