vesselCount = 3
UT = 623982.44264536817
gameMode = CAREER
gameNull = False
kspVersion = 1.12.5
funds = 535883.23162285239
science = 305
reputationPercent = 11
ongoingContracts = 5
missionCurrentScore = 0
missionIsStarted = False
missionIsEnded = False
missionHistoryId = 00000000-0000-0000-0000-000000000000
missionExpansionVersion = 
saveMD5 = 
lastWriteTime = 638984774464642242
