vesselCount = 2
UT = 160160.45492300874
gameMode = CAREER
gameNull = False
kspVersion = 1.12.5
funds = 17809.849111143674
science = 275
reputationPercent = 10
ongoingContracts = 4
missionCurrentScore = 0
missionIsStarted = False
missionIsEnded = False
missionHistoryId = 00000000-0000-0000-0000-000000000000
missionExpansionVersion = 
saveMD5 = 
lastWriteTime = 638772682564816711
