vesselCount = 4
UT = 609001.11819717812
gameMode = CAREER
gameNull = False
kspVersion = 1.12.5
funds = 1308654.9862610737
science = 302
reputationPercent = 11
ongoingContracts = 5
missionCurrentScore = 0
missionIsStarted = False
missionIsEnded = False
missionHistoryId = 00000000-0000-0000-0000-000000000000
missionExpansionVersion = 
saveMD5 = 
lastWriteTime = 638984596877258959
