vesselCount = 2
UT = 210938.32217555054
gameMode = CAREER
gameNull = False
kspVersion = 1.12.5
funds = 417791.34180611762
science = 286
reputationPercent = 10
ongoingContracts = 4
missionCurrentScore = 0
missionIsStarted = False
missionIsEnded = False
missionHistoryId = 00000000-0000-0000-0000-000000000000
missionExpansionVersion = 
saveMD5 = 
lastWriteTime = 638773897710291875
