vesselCount = 2
UT = 824646.57987103437
gameMode = CAREER
gameNull = False
kspVersion = 1.12.5
funds = 1066118.8958825273
science = 443
reputationPercent = 14
ongoingContracts = 4
missionCurrentScore = 0
missionIsStarted = False
missionIsEnded = False
missionHistoryId = 00000000-0000-0000-0000-000000000000
missionExpansionVersion = 
saveMD5 = 
lastWriteTime = 638990783868841396
