vesselCount = 1
UT = 792251.58999309456
gameMode = CAREER
gameNull = False
kspVersion = 1.12.5
funds = 1078776.8603600664
science = 443
reputationPercent = 14
ongoingContracts = 4
missionCurrentScore = 0
missionIsStarted = False
missionIsEnded = False
missionHistoryId = 00000000-0000-0000-0000-000000000000
missionExpansionVersion = 
saveMD5 = 
lastWriteTime = 638988795498808688
