vesselCount = 6
UT = 105685.53385935616
gameMode = CAREER
gameNull = False
kspVersion = 1.12.5
funds = 129413.59665634629
science = 216
reputationPercent = 10
ongoingContracts = 1
missionCurrentScore = 0
missionIsStarted = False
missionIsEnded = False
missionHistoryId = 00000000-0000-0000-0000-000000000000
missionExpansionVersion = 
saveMD5 = 
lastWriteTime = 638767819545299823
